time_stamp	px_state	py_state	v_state	yaw_angle_state	yaw_rate_state	sensor_type	NIS	px_measured	py_measured	px_ground_truth	py_ground_truth	vx_ground_truth	vy_ground_truth
1477010443000000	0.312243	0.58034	0	0	0	lidar	1.50684e-32	0.312243	0.58034	0.6	0.6	5.19994	0
1477010443050000	0.437135	0.571277	0.415982	-1.97867e-17	-1.38778e-17	radar	3.50034	0.862916	0.534212	0.859997	0.600045	5.19975	0.000345566
1477010443100000	0.834282	0.531407	1.69869	-0.0266536	-0.00248441	lidar	11.1282	1.17385	0.481073	1.11998	0.600225	5.19943	0.00103664
1477010443150000	0.908166	0.512649	1.83885	-0.0972574	-0.0120251	radar	0.526568	0.969149	0.397513	1.37996	0.600629	5.19899	0.00207312
1477010443200000	1.32942	0.569285	3.23872	0.286157	0.0510261	lidar	10.1314	1.65063	0.62469	1.6399	0.601347	5.19842	0.00345484
1477010443250000	1.47387	0.565478	3.3905	0.137982	0.017414	radar	0.533885	1.62331	0.499091	1.89982	0.60247	5.19773	0.00518158
1477010443300000	1.90095	0.605578	4.423	0.124176	0.00579947	lidar	7.70233	2.18882	0.648739	2.1597	0.604086	5.19691	0.00725307
1477010443350000	2.08131	0.60984	4.35747	0.0862159	-0.0111069	radar	0.22787	1.96701	0.557116	2.41954	0.606284	5.19597	0.00966898
1477010443400000	2.45469	0.643786	4.90135	0.0905794	-0.0071001	lidar	3.36457	2.65526	0.66598	2.67932	0.609155	5.19491	0.0124289
1477010443450000	2.72313	0.657458	4.99538	0.0768016	-0.0227122	radar	0.507143	2.92034	0.645898	2.93904	0.612786	5.19372	0.0155325
1477010443500000	2.98536	0.649493	5.04669	0.0437479	-0.0716296	lidar	0.0787522	3.01222	0.637046	3.19869	0.617267	5.19241	0.0189791
1477010443550000	3.27358	0.618438	5.14818	-0.00971809	-0.17644	radar	1.30815	3.56096	0.485311	3.45825	0.622686	5.19097	0.0227684
1477010443600000	3.66981	0.425907	5.48658	-0.232558	-0.66884	lidar	5.20997	3.89365	0.311793	3.71772	0.629131	5.18942	0.0268996
1477010443650000	3.96261	0.435565	5.55332	-0.177187	-0.431605	radar	1.68868	4.19786	0.698311	3.97708	0.636689	5.18775	0.0313721
1477010443700000	4.26379	0.506064	5.60226	-0.0633756	-0.0807337	lidar	0.787332	4.30935	0.578564	4.23632	0.645449	5.18595	0.0361852
1477010443750000	4.54848	0.533166	5.61228	-0.0176613	0.0464929	radar	0.422998	4.61908	0.68951	4.49542	0.655498	5.18405	0.0413382
1477010443800000	4.67534	0.746199	5.27472	0.197656	0.549496	lidar	9.31604	4.35143	0.899174	4.75437	0.666921	5.18202	0.0468302
1477010443850000	4.95519	0.772071	5.32486	0.195588	0.480256	radar	0.955334	5.20902	0.66599	5.01316	0.679804	5.17988	0.0526604
1477010443900000	5.31019	0.716126	5.49892	0.107639	0.230914	lidar	3.38579	5.51893	0.648233	5.27175	0.694234	5.17763	0.0588279
1477010443950000	5.55202	0.730333	5.44731	0.106692	0.206921	radar	1.37515	5.22835	0.639362	5.53013	0.710295	5.17526	0.0653316
1477010444000000	5.8792	0.725543	5.5437	0.0822715	0.136189	lidar	1.32352	6.022	0.708619	5.78828	0.728071	5.17278	0.0721706
1477010444050000	6.13678	0.684375	5.50842	0.0374216	0.0404974	radar	2.01292	5.89392	0.373584	6.04618	0.747646	5.1702	0.0793437
1477010444100000	6.38557	0.830177	5.48571	0.145123	0.227535	lidar	1.46805	6.34249	0.948833	6.30379	0.769103	5.16751	0.0868499
1477010444150000	6.65284	0.865676	5.48118	0.15261	0.220993	radar	0.0324066	6.62134	0.836138	6.56111	0.792523	5.16471	0.0946879
1477010444200000	6.89189	0.816588	5.42169	0.101519	0.121459	lidar	1.56776	6.78214	0.714036	6.81808	0.817988	5.1618	0.102857
1477010444250000	7.17113	0.81092	5.43179	0.0839658	0.0845416	radar	0.627355	7.29121	0.630741	7.07469	0.845578	5.1588	0.111354
1477010444300000	7.36408	0.898775	5.33233	0.13456	0.154409	lidar	3.37367	7.13735	0.957217	7.3309	0.875372	5.15569	0.12018
1477010444350000	7.65815	0.915306	5.37281	0.127708	0.133051	radar	2.28009	8.08349	0.819605	7.58668	0.907449	5.15249	0.129333
1477010444400000	7.90163	0.852099	5.32581	0.0767616	0.0527522	lidar	1.8718	7.80533	0.719126	7.84199	0.941886	5.14919	0.138811
1477010444450000	8.18098	0.872603	5.34575	0.0784315	0.0513815	radar	0.606899	8.40453	0.884557	8.0968	0.978758	5.14579	0.148612
1477010444500000	8.40333	0.875427	5.28395	0.0728372	0.0405687	lidar	1.45515	8.24796	0.840322	8.35106	1.01814	5.14231	0.158736
1477010444550000	8.6508	0.959349	5.27254	0.1114	0.0882739	radar	3.03896	8.45858	1.41118	8.60472	1.06011	5.13873	0.169179
1477010444600000	8.87519	1.01544	5.22679	0.131778	0.108665	lidar	1.03897	8.74615	1.04858	8.85775	1.10473	5.13507	0.179942
1477010444650000	9.17672	1.05669	5.28562	0.138329	0.109992	radar	5.93348	9.8809	1.1419	9.1101	1.15208	5.13132	0.191022
1477010444700000	9.40015	1.08014	5.23329	0.138772	0.103838	lidar	1.22918	9.25579	1.04913	9.36172	1.20223	5.12748	0.202417
1477010444750000	9.68158	1.15924	5.27076	0.164356	0.129035	radar	3.72296	10.1016	1.52474	9.61255	1.25524	5.12357	0.214126
1477010444800000	9.95854	1.28966	5.30918	0.213223	0.181019	lidar	2.11668	10.0484	1.44598	9.86254	1.31118	5.11958	0.226147
1477010444850000	10.2325	1.38481	5.33658	0.2401	0.202761	radar	2.53093	10.5377	1.72555	10.1116	1.37011	5.11551	0.238478
1477010444900000	10.441	1.45861	5.27265	0.258476	0.213662	lidar	2.05976	10.2492	1.45907	10.3598	1.4321	5.11137	0.251116
1477010444950000	10.7053	1.54346	5.28981	0.276164	0.222041	radar	0.815259	10.9084	1.70343	10.6069	1.49721	5.10717	0.26406
1477010445000000	10.9169	1.56673	5.22161	0.267156	0.198457	lidar	2.71108	10.7313	1.45265	10.853	1.56549	5.10289	0.277309
1477010445050000	11.1873	1.61317	5.24038	0.263868	0.181743	radar	1.42979	11.4783	1.42876	11.0979	1.637	5.09855	0.290859
1477010445100000	11.4717	1.65517	5.27461	0.256659	0.160987	lidar	0.878051	11.587	1.61462	11.3416	1.71179	5.09414	0.304708
1477010445150000	11.7139	1.70759	5.25375	0.2587	0.153802	radar	1.00963	11.4763	1.53917	11.584	1.78992	5.08968	0.318855
1477010445200000	11.9296	1.77176	5.20344	0.268688	0.157384	lidar	1.29729	11.7788	1.74591	11.8251	1.87144	5.08516	0.333298
1477010445250000	12.1742	1.87172	5.20586	0.291362	0.175971	radar	0.967947	12.136	2.14937	12.0648	1.95639	5.08058	0.348033
1477010445300000	12.4077	1.897	5.16926	0.27826	0.148968	lidar	1.20571	12.3226	1.78353	12.3029	2.04482	5.07596	0.363059
1477010445350000	12.6516	1.95185	5.15814	0.278198	0.139609	radar	0.501784	12.5457	1.77728	12.5394	2.13677	5.07128	0.378373
1477010445400000	12.8311	2.08315	5.09075	0.321595	0.186225	lidar	3.87014	12.5924	2.17509	12.7743	2.23227	5.06656	0.393973
1477010445450000	13.0746	2.20977	5.11119	0.35187	0.212565	radar	2.76817	13.2198	2.66441	13.0075	2.33136	5.0618	0.409856
1477010445500000	13.2631	2.34194	5.0623	0.389549	0.247368	lidar	2.07857	13.0875	2.40708	13.2388	2.43409	5.057	0.42602
1477010445550000	13.4431	2.51211	5.02323	0.443956	0.301331	radar	11.0981	12.7087	3.12439	13.4682	2.54047	5.05217	0.442462
1477010445600000	13.7035	2.61571	5.06519	0.450824	0.290184	lidar	0.986135	13.836	2.62479	13.6955	2.65053	5.0473	0.45918
1477010445650000	13.9243	2.72992	5.05857	0.467465	0.293025	radar	0.10826	13.8302	2.73893	13.9208	2.7643	5.0424	0.476172
1477010445700000	14.1575	2.87265	5.08306	0.493185	0.306464	lidar	0.443824	14.2105	2.94205	14.1439	2.88179	5.03748	0.493433
1477010445750000	14.3924	2.98072	5.09138	0.499786	0.295202	radar	0.476325	14.5568	2.87021	14.3646	3.00303	5.03253	0.510962
1477010445800000	14.5913	3.05114	5.03349	0.49498	0.271874	lidar	2.13952	14.4616	2.90734	14.583	3.12802	5.02756	0.528756
1477010445850000	14.7906	3.24394	5.04859	0.545737	0.318614	radar	6.45109	14.6754	3.96041	14.7989	3.25679	5.02257	0.546813
1477010445900000	15.0026	3.41498	5.06875	0.579499	0.340602	lidar	0.553058	15.0261	3.5067	15.0122	3.38932	5.01757	0.565128
1477010445950000	15.2122	3.60407	5.09798	0.618527	0.367684	radar	3.85363	15.3685	4.14761	15.2228	3.52563	5.01256	0.583699
1477010446000000	15.4375	3.77016	5.13197	0.639617	0.370186	lidar	0.602665	15.5236	3.82936	15.4306	3.66572	5.00754	0.602525
1477010446050000	15.6566	3.87946	5.118	0.634618	0.340859	radar	2.74609	15.7234	3.4105	15.6356	3.80957	5.00251	0.6216
1477010446100000	15.8898	4.01616	5.13968	0.637214	0.322102	lidar	0.475139	15.9774	4.00094	15.8375	3.95718	4.99749	0.640923
1477010446150000	16.1095	4.16939	5.15552	0.648955	0.316158	radar	0.660775	16.3376	4.21632	16.0363	4.10854	4.99246	0.66049
1477010446200000	16.31	4.35997	5.17694	0.6796	0.334269	lidar	0.464698	16.3313	4.44499	16.2319	4.26363	4.98744	0.680299
1477010446250000	16.527	4.51537	5.18947	0.687897	0.323318	radar	0.664813	16.7586	4.48231	16.4242	4.42242	4.98243	0.700345
1477010446300000	16.697	4.68717	5.16227	0.714495	0.33709	lidar	0.5088	16.6039	4.67344	16.613	4.5849	4.97743	0.720627
1477010446350000	16.887	4.8767	5.17391	0.739893	0.347573	radar	0.684251	16.9236	5.10119	16.7983	4.75103	4.97244	0.74114
1477010446400000	17.0457	5.10281	5.18328	0.78609	0.383586	lidar	0.942684	16.9955	5.21099	16.9799	4.92077	4.96747	0.761882
1477010446450000	17.2486	5.23374	5.15935	0.777702	0.349333	radar	4.34207	17.3421	4.64623	17.1578	5.09409	4.96252	0.782849
1477010446500000	17.3938	5.43107	5.13458	0.812328	0.371573	lidar	0.658324	17.2894	5.43542	17.3319	5.27094	4.9576	0.804038
1477010446550000	17.5928	5.5488	5.09574	0.796864	0.329498	radar	7.87635	17.6463	4.74597	17.5019	5.45128	4.9527	0.825446
1477010446600000	17.7806	5.70189	5.07945	0.798471	0.311182	lidar	0.371558	17.7853	5.62476	17.6679	5.63506	4.94783	0.847069
1477010446650000	17.9493	5.89973	5.08614	0.821689	0.320691	radar	0.426374	17.9216	6.07151	17.8297	5.82221	4.943	0.868904
1477010446700000	18.1165	6.10878	5.10263	0.846954	0.331948	lidar	0.227234	18.1263	6.16985	17.9872	6.01269	4.9382	0.890947
1477010446750000	18.261	6.34111	5.11921	0.885536	0.359397	radar	2.72535	18.1245	6.79027	18.1403	6.20641	4.93344	0.913195
1477010446800000	18.3589	6.58611	5.10559	0.941078	0.407104	lidar	1.69985	18.2164	6.66138	18.2888	6.40332	4.92872	0.935644
1477010446850000	18.4938	6.81236	5.112	0.972512	0.420952	radar	0.70075	18.4022	7.02231	18.4328	6.60333	4.92404	0.958291
1477010446900000	18.6281	6.96365	5.04286	0.976173	0.400954	lidar	2.74846	18.5422	6.76013	18.572	6.80638	4.91942	0.981133
1477010446950000	18.7686	7.17748	5.048	0.996854	0.401585	radar	0.105495	18.8089	7.24388	18.7064	7.01237	4.91484	1.00416
1477010447000000	18.9833	7.32314	5.04362	0.965078	0.336322	lidar	3.0064	19.1441	7.18344	18.8359	7.22122	4.91032	1.02738
1477010447050000	19.0818	7.5341	5.01032	0.999644	0.359657	radar	3.70699	18.5479	7.4012	18.9604	7.43283	4.90586	1.05079
1477010447100000	19.1508	7.78885	5.00561	1.05604	0.408167	lidar	1.66362	19.0138	7.8688	19.0798	7.64712	4.90145	1.07437
1477010447150000	19.2812	7.98407	4.98647	1.06564	0.394986	radar	1.2211	19.3089	7.67375	19.1939	7.86397	4.89711	1.09813
1477010447200000	19.3281	8.20213	4.93129	1.11444	0.433024	lidar	2.57457	19.132	8.12845	19.3028	8.08329	4.89283	1.12206
1477010447250000	19.4052	8.41549	4.89964	1.14585	0.446224	radar	2.47258	19.0239	8.17194	19.4062	8.30497	4.88862	1.14615
1477010447300000	19.4779	8.57209	4.80326	1.16138	0.440611	lidar	4.81527	19.347	8.30741	19.5042	8.5289	4.88449	1.17042
1477010447350000	19.588	8.76332	4.77891	1.16833	0.42233	radar	2.15069	19.6843	8.35902	19.5967	8.75494	4.88042	1.19484
1477010447400000	19.7793	8.94493	4.79688	1.13555	0.354394	lidar	3.46771	20.0039	8.8906	19.6835	8.983	4.87643	1.21942
1477010447450000	19.8496	9.18727	4.80775	1.17201	0.377568	radar	1.91255	19.6061	9.48659	19.7645	9.21294	4.87251	1.24415
1477010447500000	20.0021	9.40894	4.84458	1.16303	0.341843	lidar	1.60851	20.1574	9.45949	19.8398	9.44463	4.86868	1.26904
1477010447550000	20.0527	9.64745	4.83753	1.2036	0.371381	radar	2.64408	19.6163	9.76606	19.9093	9.67795	4.86493	1.29407
1477010447600000	20.1414	9.88026	4.84819	1.22171	0.370555	lidar	0.0587165	20.1573	9.90876	19.9728	9.91275	4.86127	1.31923
1477010447650000	20.1097	10.2108	4.91385	1.31472	0.462113	radar	32.0425	19.1911	11.5493	20.0303	10.1489	4.85769	1.34454
1477010447700000	20.1672	10.4532	4.91846	1.33959	0.464196	lidar	0.0139236	20.166	10.4687	20.0817	10.3863	4.85421	1.36998
1477010447750000	20.1706	10.7064	4.91127	1.38934	0.497513	radar	3.27725	19.6774	10.803	20.1271	10.6247	4.85081	1.39555
1477010447800000	20.2588	10.9545	4.93999	1.39259	0.469708	lidar	0.951904	20.3711	11.0109	20.1663	10.864	4.84751	1.42124
1477010447850000	20.2066	11.2724	4.99968	1.47331	0.53914	radar	21.149	19.4335	12.3402	20.1993	11.1041	4.84431	1.44706
1477010447900000	20.2618	11.4828	4.96153	1.47812	0.512988	lidar	1.24742	20.3164	11.3483	20.2261	11.3449	4.8412	1.47299
1477010447950000	20.1765	11.7676	4.9786	1.56072	0.583382	radar	14.6208	19.2063	12.2418	20.2466	11.5861	4.8382	1.49904
1477010448000000	20.319	11.9899	4.98021	1.51542	0.490733	lidar	5.91096	20.6141	11.9421	20.2608	11.8275	4.83529	1.52519
1477010448050000	20.2973	12.226	4.95589	1.55515	0.5106	radar	2.26296	19.966	11.9688	20.2687	12.0692	4.83249	1.55145
1477010448100000	20.3068	12.4774	4.96288	1.57657	0.505222	lidar	0.044432	20.3263	12.4966	20.2701	12.3108	4.8298	1.57781
1477010448150000	20.2765	12.7129	4.9416	1.61406	0.521209	radar	1.78791	20.0192	12.4822	20.2653	12.5522	4.82722	1.60427
1477010448200000	20.3406	12.9432	4.92804	1.6	0.471824	lidar	1.79826	20.498	12.8924	20.254	12.7933	4.82474	1.63081
1477010448250000	20.3889	13.1374	4.86079	1.59202	0.434697	radar	12.8645	20.9151	12.2555	20.2363	13.0339	4.82237	1.65745
1477010448300000	20.3215	13.3403	4.80402	1.64279	0.472637	lidar	2.6656	20.1943	13.1688	20.2122	13.2738	4.82012	1.68417
1477010448350000	20.2595	13.5763	4.79828	1.68765	0.499225	radar	2.29494	19.858	13.5236	20.1818	13.5129	4.81798	1.71097
1477010448400000	20.2597	13.8284	4.81761	1.69688	0.479072	lidar	0.482745	20.3245	13.8896	20.1449	13.7509	4.81595	1.73784
1477010448450000	20.2369	14.0377	4.77651	1.71574	0.473932	radar	3.51634	20.3387	13.5307	20.1017	13.9878	4.81405	1.76479
1477010448500000	20.1747	14.2852	4.79491	1.75197	0.488922	lidar	0.331681	20.1216	14.337	20.0521	14.2233	4.81225	1.7918
1477010448550000	20.0857	14.512	4.78775	1.79865	0.516792	radar	2.61636	19.6717	14.4038	19.9962	14.4573	4.81058	1.81888
1477010448600000	19.9492	14.7469	4.80359	1.86498	0.56654	lidar	1.88577	19.781	14.773	19.9339	14.6897	4.80903	1.84601
1477010448650000	19.8939	14.9249	4.73074	1.88758	0.561892	radar	10.6368	20.1149	14.0165	19.8655	14.9202	4.80759	1.8732
1477010448700000	19.8833	15.1634	4.73534	1.88077	0.518412	lidar	1.35165	20.0208	15.2053	19.7908	15.1486	4.80628	1.90044
1477010448750000	19.8272	15.3856	4.72599	1.89713	0.50671	radar	1.1772	20.0157	15.3443	19.7099	15.3749	4.80509	1.92772
1477010448800000	19.7994	15.6015	4.70172	1.89749	0.476625	lidar	0.944469	19.9131	15.554	19.6229	15.5989	4.80403	1.95504
1477010448850000	19.7349	15.7837	4.64403	1.91906	0.475664	radar	6.69822	19.9388	15.0864	19.5298	15.8203	4.80309	1.98241
1477010448900000	19.5975	15.9971	4.65967	1.97139	0.510446	lidar	0.977631	19.4748	16.0098	19.4307	16.039	4.80227	2.0098
1477010448950000	19.4709	16.1941	4.65074	2.0159	0.534175	radar	2.13774	19.1556	16.0022	19.3257	16.255	4.80158	2.03722
1477010449000000	19.3232	16.3708	4.62972	2.06995	0.568599	lidar	1.06554	19.238	16.2719	19.2148	16.4679	4.80101	2.06467
1477010449050000	19.2235	16.5578	4.60348	2.09397	0.563956	radar	1.78485	19.4007	16.2962	19.0981	16.6777	4.80057	2.09213
1477010449100000	19.0782	16.7684	4.63438	2.13326	0.57647	lidar	0.605433	19.0029	16.8387	18.9757	16.8841	4.80025	2.11961
1477010449150000	18.9533	17.0033	4.68304	2.15287	0.563064	radar	6.93019	18.8373	17.7112	18.8477	17.0872	4.80006	2.1471
1477010449200000	18.7693	17.2269	4.75146	2.19965	0.583296	lidar	2.7194	18.6148	17.3832	18.7142	17.2866	4.8	2.1746
1477010449250000	18.6373	17.3955	4.71809	2.2289	0.584617	radar	2.47812	18.8177	17.0316	18.5752	17.4822	4.80006	2.2021
1477010449300000	18.3756	17.5526	4.76387	2.31826	0.656644	lidar	4.71738	18.1023	17.5529	18.4309	17.674	4.80025	2.2296
1477010449350000	18.2126	17.7096	4.74428	2.35437	0.661391	radar	1.29378	18.2749	17.4877	18.2814	17.8617	4.80057	2.25709
1477010449400000	18.1002	17.9244	4.7559	2.34767	0.612011	lidar	1.73639	18.2094	18.0461	18.1268	18.0453	4.80101	2.28457
1477010449450000	17.9498	18.0581	4.70272	2.38025	0.616682	radar	6.07305	18.3021	17.498	17.9671	18.2246	4.80158	2.31204
1477010449500000	17.8117	18.2255	4.68227	2.39416	0.596824	lidar	0.497237	17.9017	18.2183	17.8026	18.3994	4.80227	2.33948
1477010449550000	17.7276	18.3887	4.60852	2.38477	0.551547	radar	16.7603	18.8558	18.1364	17.6334	18.5697	4.80309	2.3669
1477010449600000	17.5218	18.5726	4.67051	2.41736	0.555151	lidar	1.9925	17.3845	18.7039	17.4595	18.7353	4.80403	2.3943
1477010449650000	17.3666	18.6874	4.61131	2.44957	0.562754	radar	7.44413	17.7945	18.0801	17.2811	18.8962	4.80509	2.42166
1477010449700000	17.188	18.8448	4.62354	2.47278	0.556266	lidar	0.106569	17.1762	18.8863	17.0983	19.0521	4.80628	2.44898
1477010449750000	17.0162	19.0371	4.65988	2.47711	0.52591	radar	6.72876	16.9398	19.7311	16.9113	19.203	4.80759	2.47627
1477010449800000	16.7571	19.1289	4.68873	2.54917	0.580885	lidar	2.53665	16.5734	19.052	16.7202	19.3488	4.80903	2.5035
1477010449850000	16.5537	19.3196	4.75101	2.55627	0.551476	radar	12.4321	16.1674	20.2201	16.5251	19.4894	4.81058	2.53069
1477010449900000	16.3351	19.4853	4.80385	2.5756	0.539478	lidar	1.53276	16.2338	19.617	16.3262	19.6246	4.81225	2.55783
1477010449950000	16.1261	19.5133	4.72461	2.64386	0.593003	radar	20.729	16.4366	18.2742	16.1237	19.7545	4.81405	2.5849
1477010450000000	15.9346	19.6914	4.76081	2.63952	0.549957	lidar	1.96455	15.9243	19.8703	15.9176	19.8789	4.81595	2.61191
1477010450050000	15.7483	19.7655	4.70334	2.6755	0.562357	radar	7.373	16.2328	19.2166	15.7082	19.9978	4.81798	2.63886
1477010450100000	15.5319	19.9507	4.77101	2.66957	0.518076	lidar	3.72237	15.4332	20.1836	15.4956	20.111	4.82012	2.66574
1477010450150000	15.2824	20.1421	4.87289	2.66812	0.480538	radar	28.0059	14.3677	21.3406	15.2799	20.2185	4.82237	2.69253
1477010450200000	15.1077	20.3129	4.86599	2.65266	0.432217	lidar	1.62298	15.2016	20.4385	15.0613	20.3203	4.82474	2.71925
1477010450250000	14.8752	20.3821	4.85474	2.69767	0.461306	radar	3.8078	14.7476	19.9571	14.84	20.4162	4.82722	2.74589
1477010450300000	14.6652	20.521	4.86759	2.70144	0.43719	lidar	0.48901	14.6665	20.6088	14.6161	20.5063	4.8298	2.77244
1477010450350000	14.4146	20.6426	4.9144	2.72157	0.433608	radar	6.90195	13.841	21.0031	14.3897	20.5904	4.83249	2.79889
1477010450400000	14.15	20.6882	4.93004	2.7764	0.474054	lidar	1.2284	14.0521	20.5924	14.1611	20.6686	4.83529	2.82525
1477010450450000	13.9163	20.7784	4.93427	2.79842	0.471689	radar	1.83086	13.8232	20.859	13.9304	20.7408	4.8382	2.85151
1477010450500000	13.6288	20.8065	4.97235	2.85811	0.515203	lidar	2.00893	13.4687	20.7253	13.6977	20.807	4.8412	2.87767
1477010450550000	13.4102	20.8397	4.9262	2.89495	0.530207	radar	6.00802	13.8263	20.4261	13.4632	20.8671	4.84431	2.90371
1477010450600000	13.1541	20.8727	4.9358	2.93599	0.547872	lidar	0.262209	13.1072	20.8294	13.2271	20.9211	4.84751	2.92964
1477010450650000	12.9379	20.9456	4.91226	2.94628	0.527212	radar	3.68522	13.2669	21.1579	12.9895	20.969	4.85081	2.95546
1477010450700000	12.7364	21.0191	4.87325	2.95212	0.50318	lidar	1.192	12.8729	21.0592	12.7506	21.0108	4.85421	2.98115
1477010450750000	12.4508	21.105	4.94771	2.96322	0.482777	radar	15.9421	11.5171	21.6724	12.5106	21.0465	4.85769	3.00672
1477010450800000	12.2058	21.1344	4.94563	2.99316	0.490059	lidar	0.0389837	12.2062	21.11	12.2695	21.0761	4.86127	3.03216
1477010450850000	11.9859	21.1664	4.90978	3.01514	0.487913	radar	3.98416	12.3859	21.1066	12.0276	21.0996	4.86493	3.05747
1477010450900000	11.72	21.0868	4.90789	3.09532	0.557333	lidar	3.34792	11.6814	20.8651	11.785	21.117	4.86868	3.08264
1477010450950000	11.4762	21.0556	4.8939	3.14253	0.581779	radar	3.94616	11.5265	20.6748	11.5418	21.1283	4.87252	3.10766
1477010451000000	11.2583	21.0602	4.86038	3.16519	0.575055	lidar	0.616129	11.363	21.0689	11.2982	21.1335	4.87643	3.13255
1477010451050000	10.9905	21.0019	4.88404	3.2205	0.60705	radar	6.90524	10.5558	20.5567	11.0544	21.1327	4.88042	3.15728
1477010451100000	10.7749	20.9639	4.84574	3.25717	0.616492	lidar	0.815881	10.8903	20.927	10.8105	21.1259	4.88449	3.18186
1477010451150000	10.4736	20.9722	4.92923	3.2693	0.589274	radar	20.1604	9.30535	21.3896	10.5666	21.1131	4.88862	3.20629
1477010451200000	10.2231	21.0255	4.94	3.25367	0.532663	lidar	2.27761	10.189	21.209	10.3229	21.0943	4.89283	3.23055
1477010451250000	9.98048	21.023	4.93374	3.26563	0.514278	radar	3.22751	9.97958	21.2932	10.0795	21.0697	4.89711	3.25465
1477010451300000	9.78681	20.9855	4.86554	3.29385	0.520002	lidar	2.42171	9.99634	20.9797	9.83658	21.0391	4.90145	3.27858
1477010451350000	9.54015	20.9617	4.87113	3.31131	0.508885	radar	2.64817	9.38223	21.111	9.59422	21.0028	4.90586	3.30233
1477010451400000	9.34766	20.902	4.8097	3.3462	0.522774	lidar	2.07456	9.53921	20.8762	9.35258	20.9607	4.91032	3.32592
1477010451450000	9.14225	20.86	4.76595	3.36851	0.519246	radar	5.32986	9.63392	20.9724	9.11177	20.9128	4.91484	3.34932
1477010451500000	8.87034	20.8125	4.81954	3.38757	0.508888	lidar	1.55142	8.70331	20.8221	8.87192	20.8594	4.91942	3.37254
1477010451550000	8.7082	20.6753	4.73795	3.45631	0.565282	radar	23.1954	9.84634	20.009	8.63315	20.8003	4.92404	3.39557
1477010451600000	8.43523	20.5675	4.81188	3.49637	0.577374	lidar	2.89853	8.22277	20.4839	8.39557	20.7357	4.92872	3.41841
1477010451650000	8.21773	20.4822	4.79985	3.5251	0.577369	radar	2.64394	8.29647	20.4978	8.1593	20.6657	4.93344	3.44106
1477010451700000	7.97298	20.4117	4.82386	3.53994	0.559084	lidar	0.531999	7.88599	20.45	7.92445	20.5903	4.9382	3.46351
1477010451750000	7.78065	20.3415	4.77372	3.55839	0.548861	radar	7.00991	8.29081	20.6565	7.69111	20.5096	4.943	3.48576
1477010451800000	7.48069	20.3025	4.8572	3.54375	0.493592	lidar	5.72151	7.18029	20.392	7.45939	20.4236	4.94783	3.5078
1477010451850000	7.25242	20.1998	4.86463	3.5698	0.494779	radar	3.05364	7.09214	20.1196	7.22939	20.3326	4.9527	3.52963
1477010451900000	6.98419	20.133	4.90977	3.56858	0.461069	lidar	1.8416	6.81542	20.1859	7.00119	20.2364	4.9576	3.55126
1477010451950000	6.77016	20.0392	4.89164	3.58789	0.45675	radar	3.06729	6.89359	20.1536	6.7749	20.1352	4.96252	3.57267
1477010452000000	6.51341	19.9641	4.92251	3.58813	0.427811	lidar	1.07633	6.38914	20.0136	6.55059	20.0292	4.96747	3.59385
1477010452050000	6.3121	19.8831	4.88059	3.59989	0.416778	radar	5.69541	6.67637	20.2142	6.32834	19.9183	4.97244	3.61482
1477010452100000	6.04222	19.8019	4.93038	3.59689	0.385937	lidar	1.95321	5.86119	19.8306	6.10823	19.8027	4.97743	3.63556
1477010452150000	5.79522	19.684	4.96506	3.61421	0.382454	radar	6.56934	5.28178	19.5036	5.89034	19.6824	4.98243	3.65608
1477010452200000	5.60026	19.5654	4.93687	3.64009	0.391466	lidar	0.466913	5.69089	19.5755	5.67472	19.5577	4.98744	3.67636
1477010452250000	5.42842	19.3966	4.90951	3.69143	0.431464	radar	8.42436	5.9506	18.9859	5.46145	19.4284	4.99246	3.6964
1477010452300000	5.20071	19.3218	4.89971	3.68321	0.394751	lidar	0.977035	5.17021	19.4397	5.25059	19.2949	4.99749	3.71621
1477010452350000	5.04644	19.1891	4.83437	3.71731	0.414003	radar	11.048	5.87397	19.301	5.04219	19.157	5.00251	3.73578
1477010452400000	4.85972	19.031	4.8335	3.7524	0.43187	lidar	0.225331	4.89149	18.982	4.8363	19.015	5.00754	3.7551
1477010452450000	4.62055	18.9168	4.86309	3.75153	0.402935	radar	8.11162	3.98679	19.0452	4.63297	18.8689	5.01256	3.77418
1477010452500000	4.43004	18.7903	4.84473	3.76708	0.397697	lidar	0.190506	4.4685	18.834	4.43224	18.7188	5.01757	3.793
1477010452550000	4.26976	18.6242	4.81828	3.80583	0.421701	radar	5.34451	4.69245	18.4634	4.23416	18.5648	5.02257	3.81158
1477010452600000	4.12339	18.4654	4.77761	3.84192	0.441383	lidar	1.12348	4.26269	18.481	4.03876	18.4071	5.02756	3.82989
1477010452650000	3.90091	18.3638	4.77944	3.82888	0.397367	radar	8.97367	3.42433	18.8357	3.84606	18.2457	5.03253	3.84795
1477010452700000	3.65963	18.2139	4.84146	3.8303	0.372822	lidar	2.39718	3.45919	18.167	3.65611	18.0807	5.03748	3.86574
1477010452750000	3.53386	18.0332	4.79374	3.87729	0.409187	radar	10.1354	4.3011	17.9267	3.46891	17.9122	5.0424	3.88327
1477010452800000	3.30972	17.8515	4.86196	3.89084	0.398863	lidar	2.46135	3.12525	17.7493	3.28449	17.7402	5.0473	3.90053
1477010452850000	3.0989	17.7116	4.87252	3.88861	0.370753	radar	6.19377	2.65664	17.888	3.10287	17.565	5.05217	3.91752
1477010452900000	2.91023	17.6177	4.82182	3.87411	0.331025	lidar	2.41222	2.9449	17.8154	2.92405	17.3866	5.057	3.93424
1477010452950000	2.77904	17.4174	4.80331	3.92087	0.368858	radar	7.76719	3.26647	17.0897	2.74805	17.2051	5.0618	3.95068
1477010453000000	2.60666	17.207	4.84287	3.95403	0.3862	lidar	1.00716	2.55407	17.0853	2.57486	17.0205	5.06656	3.96685
1477010453050000	2.4544	17.0183	4.83789	3.98192	0.396812	radar	3.32342	2.55039	16.8884	2.4045	16.833	5.07128	3.98273
1477010453100000	2.2848	16.8387	4.8464	3.9975	0.391337	lidar	0.0580275	2.25371	16.8334	2.23695	16.6427	5.07596	3.99833
1477010453150000	2.10236	16.6224	4.89877	4.01983	0.393289	radar	10.1884	1.57735	16.0489	2.07221	16.4497	5.08058	4.01365
1477010453200000	1.95474	16.351	4.97178	4.07162	0.431209	lidar	3.74144	1.88972	16.1054	1.91027	16.2539	5.08516	4.02867
1477010453250000	1.80271	16.1622	4.96222	4.08676	0.423273	radar	3.40119	1.74363	16.2687	1.75112	16.0557	5.08968	4.04341
1477010453300000	1.59446	16.0063	4.97409	4.06729	0.372572	lidar	1.82826	1.44745	16.0853	1.59474	15.8549	5.09414	4.05785
1477010453350000	1.46662	15.7867	4.97366	4.10004	0.389945	radar	4.63327	1.6097	15.5526	1.44111	15.6517	5.09855	4.072
1477010453400000	1.29746	15.5532	5.02876	4.11803	0.38661	lidar	1.56925	1.18395	15.4284	1.29021	15.4463	5.10289	4.08584
1477010453450000	1.1304	15.3657	5.0261	4.11898	0.363535	radar	4.89754	0.828993	15.528	1.14201	15.2386	5.10717	4.0994
1477010453500000	0.926851	15.1377	5.10018	4.11715	0.336786	lidar	3.30582	0.722706	15.0075	0.996486	15.0288	5.11138	4.11264
1477010453550000	0.800891	14.9423	5.06657	4.13483	0.33845	radar	4.82807	1.03147	15.2134	0.853604	14.8169	5.11551	4.12559
1477010453600000	0.686887	14.7184	5.06081	4.16396	0.353766	lidar	0.177715	0.737301	14.7047	0.71333	14.603	5.11958	4.13823
1477010453650000	0.577441	14.4828	5.06249	4.19541	0.370744	radar	4.75655	0.722177	14.2445	0.575628	14.3872	5.12357	4.15056
1477010453700000	0.400546	14.2609	5.10466	4.19205	0.342489	lidar	1.46813	0.253435	14.2028	0.440459	14.1696	5.12748	4.16258
1477010453750000	0.253099	14.0421	5.11395	4.19873	0.328977	radar	5.16545	-0.0328025	13.9604	0.307779	13.9502	5.13132	4.17429
1477010453800000	0.234252	13.7663	5.09849	4.27307	0.401628	lidar	3.77326	0.459172	13.6856	0.177545	13.7292	5.13507	4.18568
1477010453850000	0.121178	13.5453	5.0876	4.28729	0.394319	radar	4.23098	0.0524417	13.6377	0.0497099	13.5065	5.13873	4.19676
1477010453900000	-0.0416901	13.3193	5.12068	4.27953	0.359085	lidar	1.42263	-0.190344	13.2856	-0.0757753	13.2823	5.14231	4.20752
1477010453950000	-0.157823	13.0947	5.11436	4.29058	0.350339	radar	3.86685	-0.275042	13.1456	-0.198962	13.0566	5.14579	4.21797
1477010454000000	-0.172007	12.8587	5.06129	4.34706	0.400515	lidar	3.19258	0.0462308	12.9301	-0.319903	12.8295	5.14919	4.22809
1477010454050000	-0.291205	12.6152	5.08491	4.35463	0.383987	radar	6.15699	-0.684792	12.3563	-0.438654	12.6011	5.15249	4.23789
1477010454100000	-0.407168	12.379	5.09896	4.36021	0.366509	lidar	0.31336	-0.476482	12.3633	-0.555273	12.3714	5.15569	4.24737
1477010454150000	-0.540649	12.1727	5.08071	4.34983	0.330523	radar	7.39951	-0.972122	12.5207	-0.669817	12.1404	5.1588	4.25652
1477010454200000	-0.619773	11.955	5.05075	4.36626	0.331122	lidar	0.46105	-0.582624	12.0386	-0.78235	11.9083	5.1618	4.26535
1477010454250000	-0.75173	11.7244	5.06349	4.35917	0.300769	radar	6.91299	-1.26757	11.6495	-0.892931	11.6751	5.16471	4.27385
1477010454300000	-0.936896	11.4842	5.11726	4.32917	0.243017	lidar	3.83331	-1.17212	11.3988	-1.00163	11.4409	5.16751	4.28202
1477010454350000	-1.01306	11.2296	5.12643	4.35275	0.257142	radar	4.45737	-0.891441	10.959	-1.1085	11.2057	5.1702	4.28985
1477010454400000	-1.19506	11.0151	5.14042	4.31796	0.196972	lidar	2.62552	-1.39289	11.0424	-1.21362	10.9695	5.17278	4.29736
1477010454450000	-1.29411	10.7876	5.12516	4.32514	0.19367	radar	4.0726	-1.29894	10.9012	-1.31706	10.7324	5.17526	4.30453
1477010454500000	-1.41669	10.5274	5.16746	4.3267	0.183017	lidar	1.00617	-1.49687	10.4198	-1.41889	10.4945	5.17763	4.31137
1477010454550000	-1.51481	10.2758	5.1804	4.3371	0.184392	radar	4.76935	-1.59293	10.0212	-1.51917	10.2559	5.17988	4.31787
1477010454600000	-1.62167	10.0789	5.13101	4.33208	0.166851	lidar	1.42483	-1.61875	10.2374	-1.61797	10.0165	5.18202	4.32404
1477010454650000	-1.70609	9.84856	5.11286	4.34335	0.170622	radar	3.89017	-1.59701	9.96554	-1.71539	9.77637	5.18405	4.32987
1477010454700000	-1.7823	9.62929	5.08139	4.35513	0.174916	lidar	0.522994	-1.73381	9.71347	-1.81147	9.53564	5.18596	4.33537
1477010454750000	-1.90524	9.3987	5.08555	4.34627	0.152582	radar	5.42413	-2.27191	9.37316	-1.90631	9.29431	5.18775	4.34052
1477010454800000	-1.95879	9.07488	5.17761	4.3862	0.192623	lidar	5.34558	-1.93833	8.77028	-1.99998	9.05243	5.18942	4.34533
1477010454850000	-2.03733	8.84861	5.14858	4.39387	0.190327	radar	4.52544	-1.96565	9.13274	-2.09256	8.81003	5.19097	4.3498
1477010454900000	-2.13272	8.59354	5.16961	4.3978	0.183101	lidar	0.26492	-2.1768	8.5411	-2.18412	8.56717	5.19241	4.35393
1477010454950000	-2.24943	8.34762	5.18372	4.38931	0.160553	radar	5.89411	-2.65863	8.19477	-2.27474	8.32388	5.19372	4.35772
1477010455000000	-2.29738	8.10782	5.16128	4.41173	0.178909	lidar	0.49498	-2.21875	8.15339	-2.3645	8.0802	5.19491	4.36117
1477010455050000	-2.37186	7.90054	5.10728	4.41464	0.171728	radar	8.14925	-2.273	8.52315	-2.45348	7.83617	5.19597	4.36427
1477010455100000	-2.49142	7.65173	5.13323	4.40266	0.145551	lidar	0.823965	-2.59674	7.60288	-2.54177	7.59183	5.19691	4.36703
1477010455150000	-2.6151	7.41538	5.13965	4.38691	0.11626	radar	5.74582	-3.08256	7.38874	-2.62944	7.34723	5.19773	4.36945
1477010455200000	-2.72443	7.15377	5.17515	4.38253	0.103132	lidar	0.768401	-2.79865	7.064	-2.71658	7.10238	5.19842	4.37152
1477010455250000	-2.80955	6.9284	5.14787	4.38367	0.098171	radar	4.31446	-2.79412	7.20818	-2.80326	6.85734	5.19899	4.37325
1477010455300000	-2.8533	6.71731	5.08986	4.40149	0.11474	lidar	1.92552	-2.74651	6.86867	-2.88957	6.61214	5.19943	4.37463
1477010455350000	-2.89563	6.46639	5.08343	4.42484	0.137047	radar	4.22275	-2.57673	6.36755	-2.97559	6.36681	5.19975	4.37567
1477010455400000	-2.94647	6.22167	5.0765	4.44135	0.149259	lidar	0.129731	-2.90217	6.22989	-3.0614	6.12139	5.19994	4.37636
1477010455450000	-3.05945	5.993	5.07171	4.42472	0.118751	radar	5.5888	-3.50172	6.10796	-3.14709	5.87592	5.2	4.3767
1477010455500000	-3.13702	5.70651	5.13066	4.43402	0.122593	lidar	1.79411	-3.17781	5.53101	-3.23274	5.63044	5.19994	4.3767
1477010455550000	-3.20186	5.44668	5.14318	4.44434	0.127777	radar	3.40799	-3.19736	5.19093	-3.31843	5.38497	5.19975	4.37636
1477010455600000	-3.31715	5.1857	5.17902	4.4299	0.101278	lidar	1.14736	-3.43031	5.10507	-3.40424	5.13955	5.19943	4.37567
1477010455650000	-3.39177	4.94031	5.17322	4.433	0.0987803	radar	2.81691	-3.4281	4.94644	-3.49026	4.89422	5.19899	4.37463
1477010455700000	-3.53061	4.66571	5.2334	4.40939	0.0624366	lidar	2.77421	-3.69435	4.52196	-3.57657	4.64902	5.19842	4.37325
1477010455750000	-3.59501	4.40329	5.24245	4.42056	0.0725814	radar	3.01854	-3.50501	4.17643	-3.66325	4.40398	5.19773	4.37152
1477010455800000	-3.77333	4.14362	5.2938	4.3768	0.0126121	lidar	3.84025	-4.00238	4.04684	-3.75039	4.15913	5.19691	4.36945
1477010455850000	-3.88168	3.91084	5.27764	4.36494	-0.00324121	radar	3.26004	-4.06447	4.10977	-3.83806	3.91452	5.19597	4.36703
1477010455900000	-3.94565	3.67786	5.24827	4.37459	0.00909633	lidar	0.554009	-3.88053	3.75177	-3.92635	3.67019	5.19491	4.36427
1477010455950000	-4.05724	3.46127	5.21638	4.35886	-0.0115115	radar	4.42616	-4.23729	3.88878	-4.01533	3.42616	5.19372	4.36117
1477010456000000	-4.14877	3.21774	5.21601	4.35757	-0.0124195	lidar	0.000631896	-4.15119	3.21968	-4.10509	3.18248	5.19241	4.35772
1477010456050000	-4.24084	2.97034	5.21862	4.35676	-0.0126293	radar	1.66316	-4.27467	2.88187	-4.19571	2.93919	5.19097	4.35393
1477010456100000	-4.32167	2.68896	5.26207	4.36658	0.000796374	lidar	1.0825	-4.32451	2.55034	-4.28727	2.69633	5.18942	4.3498
1477010456150000	-4.40721	2.44051	5.26003	4.36844	0.0031304	radar	1.48306	-4.38481	2.39989	-4.37985	2.45393	5.18775	4.34533
1477010456200000	-4.52852	2.17714	5.29531	4.35615	-0.0124846	lidar	0.817545	-4.61223	2.09192	-4.47352	2.21205	5.18596	4.34052
1477010456250000	-4.5899	1.92588	5.28415	4.3703	0.00629283	radar	2.05499	-4.29257	1.92854	-4.56836	1.97072	5.18405	4.33537
1477010456300000	-4.73276	1.65575	5.33634	4.34924	-0.0206369	lidar	1.91522	-4.86829	1.53442	-4.66444	1.72998	5.18202	4.32987
1477010456350000	-4.84188	1.4118	5.33488	4.34083	-0.0300453	radar	1.04451	-4.98165	1.43611	-4.76186	1.48989	5.17988	4.32404
1477010456400000	-4.85761	1.17728	5.2801	4.37394	0.0137048	lidar	2.88106	-4.66779	1.28643	-4.86067	1.25049	5.17763	4.31787
1477010456450000	-4.9511	0.9407	5.26594	4.36988	0.00763604	radar	1.05887	-4.98594	1.10894	-4.96094	1.01182	5.17526	4.31137
1477010456500000	-4.98637	0.712766	5.21645	4.39112	0.0340429	lidar	1.74156	-4.85498	0.825662	-5.06277	0.77393	5.17278	4.30453
1477010456550000	-5.0436	0.44685	5.22783	4.40719	0.052382	radar	1.80317	-4.84736	0.18101	-5.16621	0.536876	5.1702	4.29736
1477010456600000	-5.12471	0.210405	5.21316	4.40645	0.0481371	lidar	0.123828	-5.1231	0.257311	-5.27133	0.300706	5.16751	4.28985
1477010456650000	-5.27272	-0.0407547	5.24672	4.37713	0.00755736	radar	7.58935	-5.99809	-0.290765	-5.3782	0.0654719	5.16471	4.28202
1477010456700000	-5.34315	-0.274869	5.22285	4.38264	0.014123	lidar	0.320645	-5.29972	-0.212982	-5.4869	-0.168772	5.1618	4.27385
1477010456750000	-5.45245	-0.496323	5.20051	4.36788	-0.00558102	radar	2.22961	-5.64447	-0.144522	-5.59748	-0.401971	5.1588	4.26535
1477010456800000	-5.65268	-0.665507	5.15441	4.30415	-0.0861271	lidar	5.67765	-5.85359	-0.445801	-5.71001	-0.634069	5.15569	4.25652
1477010456850000	-5.71676	-0.897007	5.13028	4.31684	-0.0645205	radar	2.49214	-5.30947	-0.724468	-5.82456	-0.865006	5.15249	4.24737
1477010456900000	-5.8295	-1.15898	5.16954	4.31172	-0.0667441	lidar	0.796097	-5.87835	-1.26863	-5.94118	-1.09472	5.14919	4.23789
1477010456950000	-5.90572	-1.40731	5.17072	4.32165	-0.0498183	radar	0.94983	-5.68069	-1.52871	-6.05993	-1.32316	5.14579	4.22809
1477010457000000	-6.09494	-1.60446	5.16244	4.2706	-0.111437	lidar	2.69568	-6.27264	-1.50938	-6.18087	-1.55025	5.14231	4.21797
1477010457050000	-6.19851	-1.83373	5.15415	4.26772	-0.108073	radar	0.188546	-6.11355	-1.75966	-6.30406	-1.77593	5.13873	4.20752
1477010457100000	-6.31578	-2.07949	5.17455	4.2622	-0.108019	lidar	0.214133	-6.34007	-2.13685	-6.42954	-2.00014	5.13507	4.19676
1477010457150000	-6.48159	-2.29431	5.18024	4.22954	-0.14264	radar	3.46391	-6.99344	-2.17445	-6.55738	-2.22281	5.13132	4.18568
1477010457200000	-6.66538	-2.49634	5.18175	4.18894	-0.184985	lidar	1.2522	-6.79288	-2.4458	-6.68761	-2.44386	5.12748	4.17429
1477010457250000	-6.8273	-2.71099	5.18863	4.16377	-0.205122	radar	1.27842	-7.14408	-2.67584	-6.82029	-2.66323	5.12357	4.16258
1477010457300000	-6.90429	-2.97784	5.21017	4.18963	-0.159067	lidar	1.68159	-6.8003	-3.10086	-6.95546	-2.88084	5.11958	4.15056
1477010457350000	-7.04378	-3.20165	5.2139	4.17762	-0.164151	radar	0.157597	-7.13937	-3.22028	-7.09316	-3.09663	5.11551	4.13823
1477010457400000	-7.1695	-3.39214	5.16949	4.16539	-0.169958	lidar	1.03327	-7.12118	-3.26434	-7.23344	-3.31051	5.11137	4.12559
1477010457450000	-7.33636	-3.63313	5.21495	4.14805	-0.180449	radar	4.71122	-7.77186	-4.08999	-7.37632	-3.5224	5.10717	4.11264
1477010457500000	-7.50209	-3.76935	5.13331	4.10847	-0.220365	lidar	4.46937	-7.49009	-3.49081	-7.52184	-3.73223	5.10289	4.0994
1477010457550000	-7.63988	-3.97555	5.12245	4.10029	-0.216941	radar	0.271214	-7.52393	-3.88213	-7.67004	-3.93992	5.09855	4.08584
1477010457600000	-7.80837	-4.20465	5.16073	4.08601	-0.220607	lidar	0.768077	-7.88049	-4.29783	-7.82094	-4.14539	5.09414	4.072
1477010457650000	-7.96772	-4.42073	5.17518	4.07409	-0.221465	radar	0.463797	-8.08524	-4.57834	-7.97457	-4.34854	5.08968	4.05785
1477010457700000	-8.14188	-4.66099	5.2276	4.06399	-0.219297	lidar	1.41798	-8.22492	-4.79812	-8.13095	-4.5493	5.08516	4.04341
1477010457750000	-8.31142	-4.87065	5.23828	4.04927	-0.22385	radar	0.356632	-8.453	-4.95621	-8.29011	-4.74759	5.08058	4.02867
1477010457800000	-8.4316	-5.09195	5.22404	4.0595	-0.197024	lidar	0.607955	-8.33552	-5.1059	-8.45204	-4.94331	5.07596	4.01365
1477010457850000	-8.59818	-5.26495	5.19227	4.03745	-0.213043	radar	2.70268	-8.55062	-4.79248	-8.61678	-5.13637	5.07128	3.99833
1477010457900000	-8.80191	-5.46861	5.22712	4.0112	-0.2322	lidar	0.88146	-8.91477	-5.51752	-8.78433	-5.32669	5.06656	3.98273
1477010457950000	-8.97646	-5.66723	5.23129	3.99766	-0.234573	radar	0.0692967	-9.04115	-5.69364	-8.95469	-5.51417	5.0618	3.96685
1477010458000000	-9.12029	-5.85625	5.19999	3.99492	-0.223745	lidar	0.585587	-9.03391	-5.80267	-9.12788	-5.69872	5.057	3.95068
1477010458050000	-9.27151	-6.01603	5.14518	3.98127	-0.227807	radar	6.09352	-8.86897	-5.41973	-9.30388	-5.88026	5.05217	3.93424
1477010458100000	-9.43197	-6.12045	5.04444	3.94852	-0.25653	lidar	5.79399	-9.30811	-5.82368	-9.4827	-6.05868	5.0473	3.91752
1477010458150000	-9.6206	-6.30462	5.05952	3.93172	-0.261293	radar	0.547046	-9.80646	-6.41174	-9.66432	-6.23389	5.0424	3.90053
1477010458200000	-9.74672	-6.51382	5.04439	3.9482	-0.224261	lidar	1.09377	-9.62547	-6.55958	-9.84874	-6.4058	5.03748	3.88327
1477010458250000	-9.98697	-6.65461	5.06229	3.89981	-0.271109	radar	6.78577	-10.6688	-6.35543	-10.0359	-6.57431	5.03253	3.86574
1477010458300000	-10.1854	-6.82531	5.07315	3.8806	-0.278042	lidar	0.0948926	-10.2246	-6.83402	-10.2259	-6.73933	5.02756	3.84795
1477010458350000	-10.3683	-6.97724	5.05085	3.86286	-0.283344	radar	1.09406	-10.2205	-6.71044	-10.4186	-6.90075	5.02257	3.82989
1477010458400000	-10.6024	-7.16735	5.11652	3.84172	-0.290814	lidar	2.26007	-10.7616	-7.29159	-10.614	-7.05849	5.01757	3.81158
1477010458450000	-10.8167	-7.29153	5.09668	3.80722	-0.316546	radar	2.61322	-10.8944	-6.83335	-10.8121	-7.21245	5.01256	3.793
1477010458500000	-11.0626	-7.46571	5.15811	3.78277	-0.326044	lidar	2.01181	-11.2219	-7.56979	-11.0128	-7.36252	5.00754	3.77418
1477010458550000	-11.2549	-7.60528	5.13095	3.76694	-0.326083	radar	1.49592	-10.986	-7.3707	-11.2161	-7.50861	5.00251	3.7551
1477010458600000	-11.3748	-7.75811	5.04374	3.78149	-0.289302	lidar	4.90236	-11.0934	-7.6776	-11.422	-7.65064	4.99749	3.73578
1477010458650000	-11.5763	-7.87561	5.01465	3.75565	-0.30438	radar	2.32628	-11.4213	-7.46085	-11.6304	-7.78849	4.99246	3.71621
1477010458700000	-11.7315	-7.98121	4.9297	3.74226	-0.304038	lidar	3.71636	-11.5269	-7.8215	-11.8413	-7.92208	4.98744	3.6964
1477010458750000	-11.9409	-8.09999	4.91948	3.7181	-0.31557	radar	0.574929	-11.9422	-7.88317	-12.0546	-8.05131	4.98243	3.67636
1477010458800000	-12.143	-8.19597	4.88461	3.6895	-0.332439	lidar	0.82454	-12.09	-8.08828	-12.2702	-8.17609	4.97743	3.65608
1477010458850000	-12.3646	-8.2955	4.87793	3.65875	-0.350389	radar	1.00619	-12.4462	-8.02117	-12.4881	-8.29633	4.97244	3.63556
1477010458900000	-12.5501	-8.38023	4.82142	3.63535	-0.359106	lidar	1.69459	-12.4231	-8.2599	-12.7082	-8.41193	4.96747	3.61482
1477010458950000	-12.7676	-8.46857	4.80853	3.60614	-0.37356	radar	0.915983	-12.7461	-8.19449	-12.9304	-8.5228	4.96252	3.59385
1477010459000000	-13.0505	-8.57635	4.8875	3.56992	-0.393449	lidar	3.51579	-13.2911	-8.64594	-13.1547	-8.62886	4.9576	3.57267
1477010459050000	-13.3103	-8.64914	4.91235	3.52898	-0.419467	radar	3.18845	-13.7929	-8.47158	-13.381	-8.73002	4.9527	3.55126
1477010459100000	-13.5126	-8.70028	4.85601	3.49727	-0.434519	lidar	1.78601	-13.384	-8.57583	-13.6092	-8.82619	4.94783	3.52963
1477010459150000	-13.7432	-8.73997	4.83215	3.4559	-0.459871	radar	2.88018	-13.6376	-8.26343	-13.8392	-8.91729	4.943	3.5078
1477010459200000	-13.9689	-8.86461	4.85794	3.45805	-0.427681	lidar	1.05564	-13.9959	-8.99264	-14.0709	-9.00324	4.9382	3.48576
1477010459250000	-14.2188	-8.92098	4.87191	3.42487	-0.441997	radar	0.975491	-14.4737	-8.79552	-14.3043	-9.08395	4.93344	3.46351
1477010459300000	-14.4379	-9.04878	4.88578	3.4352	-0.401165	lidar	1.25241	-14.4273	-9.1875	-14.5391	-9.15936	4.92872	3.44106
1477010459350000	-14.6632	-9.13689	4.88449	3.42633	-0.38721	radar	0.537808	-14.5757	-9.32634	-14.7754	-9.22939	4.92404	3.41841
1477010459400000	-14.9396	-9.14653	4.91093	3.37222	-0.429619	lidar	1.61867	-15.062	-9.04396	-15.013	-9.29397	4.91942	3.39557
1477010459450000	-15.1974	-9.23846	4.95178	3.3661	-0.409196	radar	4.55999	-15.6189	-9.69365	-15.2517	-9.35302	4.91484	3.37254
1477010459500000	-15.4752	-9.36861	5.03106	3.37724	-0.367577	lidar	4.41218	-15.6682	-9.56749	-15.4916	-9.40649	4.91032	3.34932
1477010459550000	-15.7329	-9.41598	5.04426	3.35246	-0.375186	radar	0.564136	-15.9381	-9.35751	-15.7324	-9.45431	4.90586	3.32592
1477010459600000	-15.9965	-9.50446	5.0805	3.34972	-0.354289	lidar	0.974799	-16.0862	-9.59819	-15.9741	-9.49642	4.90145	3.30233
1477010459650000	-16.2731	-9.48503	5.09294	3.29413	-0.401305	radar	6.23805	-16.6033	-8.85459	-16.2164	-9.53277	4.89711	3.27858
1477010459700000	-16.5092	-9.4757	5.05785	3.25395	-0.427258	lidar	1.0971	-16.4229	-9.37029	-16.4594	-9.5633	4.89283	3.25465
1477010459750000	-16.7206	-9.49296	5.00216	3.2331	-0.428133	radar	6.22468	-16.011	-9.33486	-16.7027	-9.58797	4.88862	3.23055
1477010459800000	-17.0005	-9.4821	5.03572	3.19328	-0.450102	lidar	0.909717	-17.1132	-9.43043	-16.9464	-9.60673	4.88449	3.20629
1477010459850000	-17.2234	-9.62436	5.02661	3.23869	-0.365333	radar	19.7824	-16.9255	-10.8571	-17.1903	-9.61954	4.88042	3.18186
1477010459900000	-17.489	-9.62133	5.04282	3.20678	-0.381897	lidar	0.325094	-17.5448	-9.57485	-17.4342	-9.62636	4.87643	3.15728
1477010459950000	-17.763	-9.60949	5.06854	3.1732	-0.399329	radar	2.27051	-18.1371	-9.39146	-17.6781	-9.62717	4.87252	3.13255
1477010460000000	-18.0107	-9.55254	5.05224	3.1227	-0.437939	lidar	1.17929	-17.9724	-9.42299	-17.9216	-9.62194	4.86868	3.10766
1477010460050000	-18.2666	-9.51059	5.05298	3.08347	-0.45967	radar	1.34704	-18.3083	-9.18778	-18.1648	-9.61064	4.86493	3.08264
1477010460100000	-18.4698	-9.53411	4.99059	3.08269	-0.433779	lidar	2.47525	-18.2763	-9.60997	-18.4074	-9.59325	4.86127	3.05747
1477010460150000	-18.693	-9.52437	4.95621	3.06547	-0.429199	radar	2.42781	-18.2443	-9.58547	-18.6493	-9.56977	4.85769	3.03216
1477010460200000	-18.9423	-9.50696	4.96018	3.046	-0.426587	lidar	0.012884	-18.9545	-9.51544	-18.8904	-9.54017	4.85421	3.00672
1477010460250000	-19.1627	-9.43784	4.92529	3.00321	-0.454629	radar	4.60417	-18.6983	-9.02886	-19.1305	-9.50446	4.85081	2.98115
1477010460300000	-19.3843	-9.30189	4.90065	2.93048	-0.518005	lidar	3.14299	-19.2983	-9.09865	-19.3694	-9.46265	4.84751	2.95546
1477010460350000	-19.6257	-9.20539	4.9081	2.8834	-0.544357	radar	2.15797	-19.7037	-8.79906	-19.6069	-9.41472	4.84431	2.92964
1477010460400000	-19.8619	-9.08284	4.91623	2.82764	-0.579796	lidar	0.930991	-19.8731	-8.96417	-19.8431	-9.36071	4.8412	2.90371
1477010460450000	-20.1022	-8.88126	4.9499	2.73739	-0.655451	radar	18.7481	-20.3815	-7.67549	-20.0775	-9.30061	4.8382	2.87767
1477010460500000	-20.3133	-9.03786	4.86572	2.83223	-0.499418	lidar	21.4032	-20.1607	-9.59663	-20.3102	-9.23446	4.83529	2.85151
1477010460550000	-20.5453	-9.03271	4.84663	2.84339	-0.454761	radar	6.32823	-20.4587	-9.7448	-20.5409	-9.16227	4.83249	2.82525
1477010460600000	-20.7513	-8.94185	4.81978	2.80944	-0.469798	lidar	0.525126	-20.6596	-8.91527	-20.7695	-9.08408	4.8298	2.79889
1477010460650000	-21.0057	-8.83329	4.86562	2.77564	-0.481062	radar	4.94835	-21.5568	-8.5005	-20.9959	-8.99994	4.82722	2.77244
1477010460700000	-21.1921	-8.77065	4.80399	2.75979	-0.472915	lidar	2.00616	-21.0195	-8.85082	-21.2198	-8.90987	4.82474	2.74589
1477010460750000	-21.4377	-8.68036	4.83438	2.74044	-0.466513	radar	2.22648	-21.8628	-8.64129	-21.4412	-8.81393	4.82237	2.71925
1477010460800000	-21.6374	-8.66819	4.7703	2.75534	-0.420973	lidar	3.54326	-21.5029	-8.87191	-21.6597	-8.71217	4.82012	2.69253
1477010460850000	-21.8477	-8.4727	4.80451	2.68213	-0.485005	radar	13.9726	-21.9514	-7.41274	-21.8754	-8.60465	4.81798	2.66574
1477010460900000	-22.0527	-8.42466	4.76409	2.68592	-0.451395	lidar	1.61347	-21.9793	-8.57089	-22.088	-8.49143	4.81595	2.63886
1477010460950000	-22.2521	-8.26224	4.77546	2.63426	-0.487244	radar	3.94248	-22.1914	-7.70392	-22.2975	-8.37258	4.81404	2.61191
1477010461000000	-22.4949	-8.21347	4.78286	2.65001	-0.437349	lidar	1.78927	-22.5838	-8.35296	-22.5035	-8.24817	4.81225	2.5849
1477010461050000	-22.688	-8.13494	4.74154	2.64227	-0.420906	radar	4.08385	-22.3177	-8.57758	-22.7061	-8.11829	4.81058	2.55783
1477010461100000	-22.8976	-7.91873	4.80405	2.57442	-0.477097	lidar	4.15944	-22.9861	-7.6724	-22.9049	-7.98301	4.80903	2.53069
1477010461150000	-23.1165	-7.83651	4.79526	2.57759	-0.443711	radar	3.38977	-23.2693	-8.32031	-23.1	-7.84243	4.80759	2.5035
1477010461200000	-23.3453	-7.67269	4.85041	2.54635	-0.453331	lidar	1.6113	-23.4777	-7.56583	-23.2911	-7.69663	4.80628	2.47627
1477010461250000	-23.5306	-7.4899	4.86324	2.4999	-0.482457	radar	2.86576	-23.473	-7.02103	-23.4781	-7.54572	4.80509	2.44898
1477010461300000	-23.6831	-7.33743	4.81953	2.46344	-0.499049	lidar	1.1729	-23.5408	-7.36069	-23.6609	-7.3898	4.80403	2.42166
1477010461350000	-23.8683	-7.13664	4.85305	2.41736	-0.524146	radar	4.43305	-24.0505	-6.56969	-23.8393	-7.22897	4.80309	2.3943
1477010461400000	-24.0395	-7.04993	4.78611	2.42185	-0.488463	lidar	3.20039	-23.9384	-7.26171	-24.0132	-7.06336	4.80227	2.3669
1477010461450000	-24.2074	-6.81641	4.83271	2.36305	-0.529491	radar	9.72875	-24.3577	-5.94086	-24.1825	-6.89307	4.80158	2.33948
1477010461500000	-24.3351	-6.57862	4.84167	2.29635	-0.578896	lidar	1.74879	-24.2574	-6.4352	-24.347	-6.71823	4.80101	2.31204
1477010461550000	-24.5285	-6.4636	4.81956	2.30656	-0.53101	radar	7.49288	-24.788	-7.18367	-24.5066	-6.53895	4.80057	2.28457
1477010461600000	-24.6018	-6.30001	4.71628	2.25829	-0.561852	lidar	6.12376	-24.3008	-6.43799	-24.6612	-6.35538	4.80025	2.25709
1477010461650000	-24.7361	-6.10557	4.71237	2.22189	-0.572222	radar	0.626409	-24.6108	-6.00878	-24.8107	-6.16764	4.80006	2.2296
1477010461700000	-24.9449	-5.93464	4.76197	2.22474	-0.531384	lidar	2.41122	-25.146	-5.91902	-24.955	-5.97587	4.8	2.2021
1477010461750000	-25.0578	-5.68826	4.78829	2.16695	-0.568983	radar	6.02053	-24.8975	-5.02285	-25.094	-5.7802	4.80006	2.1746
1477010461800000	-25.2005	-5.52828	4.7585	2.15685	-0.547504	lidar	0.794318	-25.1941	-5.64372	-25.2276	-5.58079	4.80025	2.1471
1477010461850000	-25.3463	-5.34117	4.75957	2.14057	-0.533589	radar	0.866331	-25.5328	-5.4399	-25.3556	-5.37777	4.80057	2.11961
1477010461900000	-25.4962	-5.13671	4.78342	2.12274	-0.521756	lidar	0.388228	-25.5712	-5.10241	-25.4779	-5.1713	4.80101	2.09213
1477010461950000	-25.6044	-5.03151	4.66191	2.12315	-0.49329	radar	31.8475	-25.0178	-6.55904	-25.5946	-4.96152	4.80158	2.06467
1477010462000000	-25.7203	-4.84655	4.64285	2.10156	-0.490162	lidar	0.193586	-25.6952	-4.89995	-25.7055	-4.7486	4.80227	2.03722
1477010462050000	-25.8286	-4.62964	4.65416	2.0695	-0.499036	radar	0.956589	-25.8162	-4.40681	-25.8105	-4.53268	4.80309	2.0098
1477010462100000	-25.9316	-4.38796	4.69137	2.03138	-0.514037	lidar	0.863461	-25.9516	-4.26659	-25.9096	-4.31392	4.80403	1.98241
1477010462150000	-26.107	-4.2109	4.70429	2.04795	-0.46128	radar	8.81559	-26.8953	-4.43966	-26.0027	-4.0925	4.80509	1.95504
1477010462200000	-26.1671	-3.92087	4.76623	1.98245	-0.511571	lidar	3.70173	-26.1198	-3.67723	-26.0897	-3.86856	4.80628	1.92772
1477010462250000	-26.287	-3.718	4.76383	1.97374	-0.490676	radar	1.88162	-26.5652	-3.85723	-26.1706	-3.64227	4.80759	1.90044
1477010462300000	-26.2525	-3.4202	4.77678	1.87235	-0.584843	lidar	6.23998	-25.9974	-3.24722	-26.2453	-3.4138	4.80903	1.8732
1477010462350000	-26.3145	-3.18109	4.7847	1.83811	-0.590608	radar	1.10311	-26.2976	-3.01078	-26.3138	-3.18332	4.81058	1.84601
1477010462400000	-26.3105	-2.92429	4.78098	1.77287	-0.634712	lidar	1.35612	-26.1741	-2.87885	-26.376	-2.95098	4.81225	1.81888
1477010462450000	-26.3755	-2.73706	4.73003	1.76091	-0.612215	radar	6.87335	-26.4681	-3.44967	-26.4319	-2.71697	4.81404	1.7918
1477010462500000	-26.5057	-2.56483	4.69408	1.78503	-0.546371	lidar	3.73226	-26.674	-2.73852	-26.4815	-2.48143	4.81595	1.76479
1477010462550000	-26.5534	-2.30285	4.73502	1.75267	-0.55077	radar	4.76578	-26.657	-1.72382	-26.5247	-2.24456	4.81798	1.73784
1477010462600000	-26.6206	-2.09405	4.71431	1.74275	-0.529924	lidar	0.528806	-26.6691	-2.17333	-26.5616	-2.0065	4.82012	1.71097
1477010462650000	-26.6214	-1.829	4.74278	1.69313	-0.557248	radar	4.87167	-26.3248	-1.32261	-26.5921	-1.76744	4.82237	1.68417
1477010462700000	-26.5883	-1.57542	4.74814	1.6332	-0.59648	lidar	1.0874	-26.4671	-1.53207	-26.6161	-1.52753	4.82474	1.65745
1477010462750000	-26.5979	-1.38569	4.68291	1.6081	-0.593045	radar	8.79965	-26.4998	-2.19525	-26.6338	-1.28695	4.82722	1.63081
1477010462800000	-26.6018	-1.15013	4.68519	1.57759	-0.594005	lidar	0.00334419	-26.5998	-1.14277	-26.6451	-1.04586	4.8298	1.60427
1477010462850000	-26.6601	-0.962059	4.63287	1.58305	-0.552539	radar	10.5794	-27.2008	-1.67678	-26.65	-0.804425	4.83249	1.57781
1477010462900000	-26.6815	-0.705672	4.67042	1.56496	-0.539362	lidar	0.845576	-26.7355	-0.59539	-26.6485	-0.562812	4.83529	1.55145
1477010462950000	-26.7035	-0.448516	4.7045	1.5505	-0.522475	radar	4.84206	-26.9891	0.0351491	-26.6406	-0.321181	4.8382	1.52519
1477010463000000	-26.6152	-0.1577	4.77378	1.47975	-0.574792	lidar	4.36308	-26.4553	0.0602653	-26.6264	-0.0796947	4.8412	1.49904
1477010463050000	-26.6239	0.0799716	4.77433	1.46882	-0.552596	radar	2.5811	-26.9537	0.136944	-26.6059	0.161489	4.84431	1.47299
1477010463100000	-26.603	0.366752	4.8428	1.44383	-0.546825	lidar	2.4278	-26.6201	0.57588	-26.5792	0.402213	4.84751	1.44706
1477010463150000	-26.5932	0.592864	4.82205	1.42925	-0.531638	radar	2.32954	-26.8241	0.381508	-26.5462	0.642323	4.85081	1.42124
1477010463200000	-26.6132	0.875693	4.87995	1.43292	-0.492316	lidar	2.78762	-26.7293	1.06082	-26.5069	0.881666	4.85421	1.39555
1477010463250000	-26.5205	1.19234	4.98667	1.38068	-0.522673	radar	28.3542	-25.9562	2.60409	-26.4616	1.12009	4.85769	1.36998
1477010463300000	-26.4466	1.43272	4.98507	1.34221	-0.537936	lidar	0.159174	-26.3986	1.42212	-26.4101	1.35745	4.86127	1.34454
1477010463350000	-26.3894	1.55484	4.82044	1.31079	-0.549155	radar	54.0932	-26.5072	-0.563929	-26.3526	1.59361	4.86493	1.31923
1477010463400000	-26.3359	1.78833	4.82067	1.28937	-0.541696	lidar	0.0381151	-26.3594	1.79315	-26.2891	1.82841	4.86868	1.29407
1477010463450000	-26.2728	2.00739	4.80187	1.26495	-0.538872	radar	1.82629	-26.3475	1.82827	-26.2197	2.06173	4.87252	1.26904
1477010463500000	-26.2134	2.2262	4.78594	1.24524	-0.530514	lidar	0.178297	-26.2502	2.18481	-26.1444	2.29342	4.87643	1.24415
1477010463550000	-26.1269	2.4402	4.77098	1.21403	-0.536673	radar	1.62067	-26.069	2.27896	-26.0633	2.52336	4.88042	1.21942
1477010463600000	-26.0523	2.69187	4.80626	1.19647	-0.523975	lidar	0.753466	-26.0641	2.80701	-25.9765	2.75141	4.88449	1.19484
1477010463650000	-25.9964	2.92209	4.80158	1.18875	-0.501006	radar	3.08305	-26.3234	3.02388	-25.884	2.97746	4.88862	1.17042
1477010463700000	-25.8917	3.19724	4.87691	1.16504	-0.496792	lidar	2.91816	-25.8345	3.42005	-25.786	3.20139	4.89283	1.14615
1477010463750000	-25.8324	3.44033	4.88423	1.16297	-0.468045	radar	4.13519	-26.1824	3.73376	-25.6826	3.42306	4.89711	1.12206
1477010463800000	-25.7111	3.65458	4.88349	1.12751	-0.483004	lidar	0.155777	-25.6666	3.63509	-25.5737	3.64238	4.90145	1.09813
1477010463850000	-25.5924	3.82918	4.83011	1.0902	-0.500868	radar	7.41379	-25.5773	3.13316	-25.4596	3.85924	4.90586	1.07437
1477010463900000	-25.5605	4.04457	4.79181	1.10516	-0.452511	lidar	2.35641	-25.7492	3.99967	-25.3402	4.07353	4.91032	1.05079
1477010463950000	-25.4354	4.22489	4.75727	1.0691	-0.470078	radar	4.3726	-25.3516	3.75691	-25.2157	4.28514	4.91484	1.02738
1477010464000000	-25.2324	4.43836	4.81395	1.00609	-0.517306	lidar	3.17119	-25.0214	4.52803	-25.0862	4.49399	4.91942	1.00416
1477010464050000	-25.0245	4.6054	4.81516	0.936934	-0.570908	radar	9.68939	-24.2719	4.30917	-24.9518	4.69998	4.92404	0.981133
1477010464100000	-24.9309	4.82452	4.81574	0.938441	-0.533686	lidar	0.971679	-25.0363	4.88499	-24.8126	4.90303	4.92872	0.958291
1477010464150000	-24.7501	5.00409	4.82275	0.89231	-0.557416	radar	3.71359	-24.3609	4.95947	-24.6686	5.10304	4.93344	0.935644
1477010464200000	-24.5788	5.22115	4.87222	0.864815	-0.555134	lidar	1.26421	-24.5041	5.35293	-24.5201	5.29995	4.9382	0.913195
1477010464250000	-24.4181	5.39264	4.85674	0.833893	-0.559416	radar	2.42712	-24.4379	5.24592	-24.367	5.49367	4.943	0.890947
1477010464300000	-24.2163	5.57123	4.8866	0.790692	-0.577136	lidar	0.685207	-24.1159	5.61152	-24.2095	5.68415	4.94783	0.868904
1477010464350000	-24.0656	5.68531	4.80268	0.754578	-0.589256	radar	15.2671	-24.5638	4.75836	-24.0477	5.8713	4.9527	0.847069
1477010464400000	-23.9021	5.87209	4.81796	0.73861	-0.571919	lidar	0.324349	-23.9153	5.94377	-23.8818	6.05508	4.9576	0.825446
1477010464450000	-23.7183	6.05519	4.84343	0.716425	-0.562663	radar	3.95733	-23.5491	6.44495	-23.7117	6.23542	4.96252	0.804038
1477010464500000	-23.5694	6.23872	4.83856	0.711446	-0.534189	lidar	0.576291	-23.6471	6.29102	-23.5377	6.41227	4.96747	0.782849
1477010464550000	-23.4166	6.41067	4.82215	0.70296	-0.511908	radar	3.62815	-23.7544	6.53746	-23.3598	6.58559	4.97244	0.761882
1477010464600000	-23.1926	6.62571	4.9188	0.685085	-0.498815	lidar	4.92275	-23.0099	6.86182	-23.1781	6.75533	4.97743	0.74114
1477010464650000	-22.9641	6.69637	4.87421	0.616897	-0.553927	radar	13.6437	-22.7862	5.74144	-22.9928	6.92146	4.98243	0.720627
1477010464700000	-22.7625	6.8904	4.92687	0.609653	-0.526733	lidar	1.93641	-22.6991	7.063	-22.804	7.08393	4.98744	0.700345
1477010464750000	-22.5448	7.0039	4.91678	0.569099	-0.544526	radar	3.40858	-22.418	6.76159	-22.6117	7.24273	4.99246	0.680299
1477010464800000	-22.3914	7.1942	4.91071	0.583894	-0.492671	lidar	1.87242	-22.5083	7.31524	-22.4161	7.39781	4.99749	0.66049
1477010464850000	-22.189	7.36404	4.93482	0.575392	-0.471502	radar	5.89423	-22.0543	7.85452	-22.2173	7.54917	5.00251	0.640923
1477010464900000	-22.0464	7.56492	4.9196	0.600266	-0.411921	lidar	2.55941	-22.1947	7.69478	-22.0154	7.69679	5.00754	0.6216
1477010464950000	-21.8563	7.8019	4.98208	0.624818	-0.353685	radar	21.2141	-21.6178	9.0351	-21.8105	7.84064	5.01256	0.602525
1477010465000000	-21.6515	7.94359	4.98258	0.605777	-0.355356	lidar	0.00203106	-21.6473	7.94	-21.6026	7.98072	5.01757	0.583699
1477010465050000	-21.4699	8.06709	4.93985	0.588798	-0.355127	radar	5.25619	-21.8637	7.78661	-21.392	8.11703	5.02257	0.565128
1477010465100000	-21.1963	8.08614	4.92516	0.503643	-0.439085	lidar	5.05321	-21.0852	7.8323	-21.1787	8.24957	5.02756	0.546813
1477010465150000	-20.9745	8.28086	4.98765	0.51286	-0.398671	radar	16.4162	-20.5503	9.28616	-20.9628	8.37833	5.03253	0.528756
1477010465200000	-20.8335	8.45073	4.93591	0.535552	-0.346838	lidar	3.15561	-21.0519	8.50983	-20.7445	8.50333	5.03748	0.510962
1477010465250000	-20.5931	8.62847	5.00378	0.533387	-0.326305	radar	15.1698	-19.9265	9.40847	-20.5237	8.62457	5.0424	0.493433
1477010465300000	-20.3336	8.72462	5.03326	0.492938	-0.355779	lidar	1.0195	-20.21	8.68914	-20.3006	8.74206	5.0473	0.476172
1477010465350000	-20.1209	8.84378	5.02075	0.478744	-0.351389	radar	2.5969	-20.2277	8.8532	-20.0754	8.85583	5.05217	0.45918
1477010465400000	-19.9305	8.94091	4.9707	0.462768	-0.350396	lidar	1.27323	-20.0633	8.86724	-19.848	8.96589	5.057	0.442462
1477010465450000	-19.7182	9.03022	4.94209	0.439553	-0.357979	radar	3.65217	-19.9264	8.7818	-19.6186	9.07227	5.0618	0.42602
1477010465500000	-19.4825	9.08335	4.92346	0.397018	-0.389096	lidar	0.862512	-19.4861	8.96664	-19.3873	9.17499	5.06656	0.409856
1477010465550000	-19.2326	9.25125	4.99466	0.405706	-0.352078	radar	18.692	-18.5719	10.2069	-19.1542	9.27409	5.07128	0.393973
1477010465600000	-18.9216	9.28293	5.05384	0.340486	-0.410195	lidar	4.12936	-18.6786	9.19191	-18.9193	9.36959	5.07596	0.378373
1477010465650000	-18.715	9.34057	4.99722	0.31614	-0.416245	radar	8.13421	-19.2825	8.98189	-18.6827	9.46154	5.08058	0.363059
1477010465700000	-18.4684	9.42908	5.01561	0.29964	-0.410369	lidar	0.196839	-18.4242	9.46852	-18.4446	9.54997	5.08516	0.348033
1477010465750000	-18.2145	9.42953	4.99263	0.24346	-0.455595	radar	9.33919	-18.1634	8.72444	-18.2049	9.63492	5.08968	0.333298
1477010465800000	-17.9409	9.5516	5.06365	0.245259	-0.422758	lidar	3.3057	-17.7736	9.72478	-17.9639	9.71643	5.09414	0.318855
1477010465850000	-17.6753	9.63644	5.09777	0.233135	-0.41018	radar	6.50416	-17.2296	9.97767	-17.7214	9.79457	5.09855	0.304708
1477010465900000	-17.4177	9.74881	5.13408	0.237738	-0.377654	lidar	1.38343	-17.3436	9.88109	-17.4777	9.86936	5.10289	0.290859
1477010465950000	-17.1748	9.84348	5.13706	0.237526	-0.353845	radar	4.75972	-17.1554	10.212	-17.2328	9.94087	5.10717	0.277309
1477010466000000	-16.9269	9.9783	5.16429	0.256705	-0.306914	lidar	1.86893	-16.8876	10.145	-16.9868	10.0091	5.11138	0.26406
1477010466050000	-16.6755	10.0464	5.16485	0.243401	-0.304141	radar	3.2259	-16.5958	10.1078	-16.7396	10.0743	5.11551	0.251116
1477010466100000	-16.4511	10.1756	5.15535	0.264715	-0.258541	lidar	1.4595	-16.5153	10.3091	-16.4915	10.1363	5.11958	0.238478
1477010466150000	-16.2023	10.2715	5.16285	0.26628	-0.239998	radar	4.4693	-16.09	10.5824	-16.2424	10.1952	5.12357	0.226147
1477010466200000	-15.9584	10.29	5.13943	0.232262	-0.267964	lidar	0.832555	-16.0059	10.1843	-15.9924	10.2511	5.12748	0.214126
1477010466250000	-15.7121	10.3529	5.13322	0.22207	-0.263893	radar	3.04692	-15.7234	10.41	-15.7416	10.3041	5.13132	0.202417
1477010466300000	-15.4762	10.3409	5.09223	0.179002	-0.301947	lidar	1.90378	-15.5699	10.1904	-15.4899	10.3543	5.13507	0.191022
1477010466350000	-15.1789	10.4229	5.16304	0.176792	-0.284512	radar	16.6671	-14.2385	10.9109	-15.2376	10.4016	5.13873	0.179942
1477010466400000	-14.9274	10.4687	5.16034	0.16393	-0.282839	lidar	0.00558318	-14.9365	10.4722	-14.9846	10.4462	5.14231	0.169179
1477010466450000	-14.6695	10.4262	5.13864	0.109626	-0.333852	radar	10.5797	-14.724	9.63506	-14.7309	10.4882	5.14579	0.158736
1477010466500000	-14.4068	10.3767	5.12926	0.0559063	-0.380648	lidar	1.58092	-14.4088	10.222	-14.4766	10.5276	5.14919	0.148612
1477010466550000	-14.1408	10.3991	5.14214	0.0412006	-0.374729	radar	4.0521	-13.9005	10.5238	-14.2218	10.5645	5.15249	0.138811
1477010466600000	-13.8797	10.5801	5.18176	0.106213	-0.268191	lidar	8.71847	-13.8049	10.9383	-13.9665	10.5989	5.15569	0.129333
1477010466650000	-13.6135	10.6214	5.19341	0.0998357	-0.258866	radar	3.76831	-13.3956	10.7857	-13.7107	10.631	5.1588	0.12018
1477010466700000	-13.3537	10.6145	5.1905	0.0716715	-0.278143	lidar	0.261801	-13.3556	10.5517	-13.4545	10.6608	5.1618	0.111354
1477010466750000	-13.09	10.6477	5.19672	0.0655881	-0.267949	radar	3.79902	-12.9374	10.8137	-13.1979	10.6884	5.16471	0.102857
1477010466800000	-12.8618	10.7803	5.17155	0.111071	-0.194008	lidar	4.09423	-12.9591	11.0099	-12.9409	10.7138	5.16751	0.0946879
1477010466850000	-12.5907	10.8483	5.19345	0.120565	-0.169213	radar	6.28466	-12.2518	11.2495	-12.6836	10.7373	5.1702	0.0868499
1477010466900000	-12.3363	10.7895	5.17707	0.0690164	-0.223827	lidar	2.21816	-12.3713	10.6091	-12.426	10.7587	5.17278	0.0793437
1477010466950000	-12.0735	10.8157	5.18187	0.0624049	-0.217871	radar	3.26069	-11.9352	10.9161	-12.1681	10.7783	5.17526	0.0721706
1477010467000000	-11.8439	10.9058	5.152	0.0895939	-0.170105	lidar	2.01583	-11.9451	11.0515	-11.91	10.7961	5.17763	0.0653316
1477010467050000	-11.5571	10.9287	5.19034	0.0801599	-0.170841	radar	7.01979	-10.9703	10.9676	-11.6516	10.8121	5.17988	0.0588279
1477010467100000	-11.3293	10.9479	5.14902	0.0728023	-0.169703	lidar	0.872722	-11.4548	10.9407	-11.393	10.8265	5.18202	0.0526604
1477010467150000	-11.0881	10.9225	5.12039	0.0439981	-0.195653	radar	6.5414	-11.3472	10.5111	-11.1342	10.8394	5.18405	0.0468302
1477010467200000	-10.7843	10.8467	5.17757	-0.00958413	-0.250449	lidar	3.72013	-10.6009	10.6822	-10.8753	10.8509	5.18596	0.0413382
1477010467250000	-10.5351	10.8424	5.16185	-0.0219126	-0.250304	radar	3.34271	-10.6563	10.8369	-10.6161	10.8609	5.18775	0.0361852
1477010467300000	-10.3045	10.8492	5.12613	-0.0268546	-0.241224	lidar	0.71116	-10.4142	10.8747	-10.3569	10.8697	5.18942	0.0313721
1477010467350000	-10.0438	10.8777	5.13138	-0.0208154	-0.218081	radar	4.29522	-9.90413	11.2255	-10.0976	10.8772	5.19097	0.0268996
1477010467400000	-9.79779	10.9482	5.1199	0.00633388	-0.170191	lidar	1.67573	-9.83445	11.1032	-9.83808	10.8837	5.19241	0.0227684
1477010467450000	-9.57825	10.8916	5.06668	-0.0299652	-0.206043	radar	10.9308	-10.195	10.3498	-9.57852	10.8891	5.19372	0.0189791
1477010467500000	-9.32214	10.9331	5.07169	-0.0155311	-0.174766	lidar	0.700104	-9.3066	11.0348	-9.31887	10.8936	5.19491	0.0155325
1477010467550000	-9.07903	10.8728	5.05505	-0.051551	-0.209449	radar	6.30378	-9.2226	10.3527	-9.05915	10.8972	5.19597	0.0124289
1477010467600000	-8.81967	10.9286	5.06427	-0.027401	-0.165692	lidar	1.392	-8.78899	11.0707	-8.79937	10.9001	5.19691	0.00966898
1477010467650000	-8.58372	10.8353	5.04022	-0.0780727	-0.219543	radar	11.4403	-8.83914	10.0319	-8.53954	10.9023	5.19773	0.00725307
1477010467700000	-8.38942	10.7619	4.96568	-0.115546	-0.253813	lidar	3.67659	-8.62045	10.6577	-8.27965	10.9039	5.19842	0.00518158
1477010467750000	-8.1328	10.7688	4.97504	-0.109542	-0.22996	radar	4.56308	-7.91543	11.1157	-8.01974	10.905	5.19899	0.00345484
1477010467800000	-7.81299	10.828	5.0675	-0.0756361	-0.171524	lidar	6.77113	-7.51971	11.0005	-7.75979	10.9057	5.19943	0.00207312
1477010467850000	-7.5473	10.7931	5.08423	-0.0911133	-0.179932	radar	3.69448	-7.25987	10.6458	-7.49981	10.9061	5.19975	0.00103664
1477010467900000	-7.26731	10.7852	5.11978	-0.0911538	-0.168235	lidar	0.743854	-7.15631	10.815	-7.23983	10.9063	5.19994	0.000345566
1477010467950000	-7.03429	10.7847	5.08567	-0.0883889	-0.154421	radar	4.44501	-7.39396	11.0181	-6.97983	10.9064	5.2	-1.50937e-15
